10 1.0
20 1.0
30 1.0821096584
40 1.12148633399
50 1.15359450577
60 1.1597406652
470 1.24182364556
480 1.24220594702
490 1.2415712584
500 1.24198394894
510 1.23992368903
520 1.2435307751
530 1.24117947829
540 1.2447744716
550 1.24232871293
560 1.24567601808
570 1.24337352415
580 1.243178753
590 1.24354199188
600 1.2426041446
610 1.24560529014
620 1.24317290203
630 1.24522160057
640 1.24466189178
650 1.24399268928
660 1.24642763938
670 1.24399718615
680 1.24379105067
690 1.24677663504
700 1.24516801924
710 1.2457478703
720 1.24496672013
730 1.24671788429
740 1.2458704893
750 1.24625165798
760 1.24438215368
770 1.24515943567
780 1.24762603884
790 1.24597144858
800 1.24473876298
810 1.24652299191
820 1.24544963574
830 1.24749787339
840 1.24474661892
850 1.24907245523
860 1.24606384955
870 1.24545111415
880 1.24934484305
890 1.24640114781
900 1.24778058213
910 1.24821985723
920 1.24843412628
930 1.24501303404
940 1.2459802852
950 1.24716650306
960 1.24952390774
970 1.24802271704
980 1.24907223505
990 1.24844338175
1000 1.24867464554
1010 1.24601707823
1020 1.24776301936
1030 1.25049577793
1040 1.24937511168
1050 1.24607875169
1060 1.24890938251
1070 1.24817095229
1080 1.24880684438
1090 1.25035411202
1100 1.24906152241
1110 1.24722949728
1120 1.24805674642
1130 1.24793966464
1140 1.24791147161
1150 1.24808212287
1160 1.24883394602
1170 1.24941973197
1180 1.24938253596
1190 1.24915051075
1200 1.2487761278
1210 1.24971012846
1220 1.2474960191
1230 1.24861239765
1240 1.24957368972
1250 1.24946686647
1260 1.24879675854
1270 1.25029985367
1280 1.24912025867
1290 1.25006630471
1300 1.24918636217
1310 1.24820481277
1320 1.24950385077
1330 1.25040865484
1340 1.24899142977
1350 1.2493495327
1360 1.24922923804
1370 1.25167796675
1380 1.25018791784
1390 1.24913517781
1400 1.25167784485
1410 1.25113285203
1420 1.24839989994
1430 1.25097876115
1440 1.24882181512
1450 1.25078528687
1460 1.2478062544
1470 1.25092041496
1480 1.24909575872
1490 1.25068081296
1500 1.24915837262
1510 1.25073267052
1520 1.2491493617
1530 1.2508366335
1540 1.24958978212
1550 1.25016608218
1560 1.25043662444
1570 1.25048625944
1580 1.25054520918
1590 1.25153974359
