10 1.0
20 1.02409955776
30 1.07040661535
40 1.08691269436
50 1.10107421168
60 1.11239823494
70 1.11563921906
80 1.12266828513
90 1.13037717661
100 1.13361642781
110 1.13467410953
120 1.13908458946
130 1.14261982189
140 1.14261988935
150 1.14175865482
160 1.14357027178
170 1.14513604441
180 1.14780867908
190 1.14777515239
200 1.15082993635
210 1.15026563463
220 1.14882335383
230 1.15164699117
240 1.14998641438
250 1.15209445048
260 1.15290099924
270 1.15520295101
280 1.15317056502
290 1.15512539975
300 1.15486079787
310 1.15433841646
320 1.15543635093
330 1.15493948247
340 1.15529150487
350 1.15727312383
360 1.15579012362
370 1.15705235005
380 1.15624711117
390 1.15588734426
400 1.15657435952
410 1.15877410334
420 1.15730593351
430 1.15733225499
440 1.15882084136
450 1.15820626077
460 1.15718920854
470 1.15735656373
480 1.15900403341
490 1.15877331778
500 1.15933855398
510 1.15824501329
520 1.15936475988
530 1.15823621469
540 1.15903165553
550 1.15831687549
560 1.15850087424
570 1.16004604645
580 1.16002072085
590 1.15980476712
600 1.16031416068
610 1.15907911924
620 1.15962445986
630 1.15958501653
640 1.15990609077
650 1.16086023601
660 1.16016680569
670 1.16149661296
680 1.1610512479
690 1.16079466512
700 1.160639544
710 1.16001213819
720 1.1608283743
730 1.16168978022
740 1.16138678997
750 1.16083617487
760 1.16121442429
770 1.16151613526
780 1.16059872002
790 1.16101228888
800 1.16182432628
810 1.1614093041
820 1.16324289197
830 1.16185862295
840 1.16183638085
850 1.16063837243
860 1.16093445804
870 1.16129736575
880 1.16159386753
890 1.16188266169
900 1.16201387509
910 1.16180839969
920 1.16148099263
930 1.16128142669
940 1.16185985707
950 1.16131667083
960 1.16233663994
970 1.1626485361
980 1.16231827931
990 1.16188446229
1000 1.16132745694
1010 1.16252727969
1020 1.16181718594
1030 1.1611877722
1040 1.16187131077
1050 1.16268135033
1060 1.16216808622
1070 1.16220928913
1080 1.16243790453
1090 1.16229176191
1100 1.16149838479
1110 1.16255208264
1120 1.16356115916
1130 1.1628329995
1140 1.16353054124
1150 1.16271122084
1160 1.16250481377
1170 1.16267940375
1180 1.1623660707
1190 1.1632769208
1200 1.16243918018
1210 1.16229763188
1220 1.16252114465
1230 1.16306353403
1240 1.16266745294
1250 1.16298936293
1260 1.16273642106
1270 1.16249464201
1280 1.16211429843
1290 1.16265140571
1300 1.16317062468
1310 1.1631708181
1320 1.16292110946
1330 1.16236655416
1340 1.16270609438
1350 1.16300151626
1360 1.16305890838
1370 1.16292859789
1380 1.16280379726
1390 1.16303918446
1400 1.16306466377
1410 1.16306700574
1420 1.16258089199
1430 1.16335826791
1440 1.16291817778
1450 1.16397385837
1460 1.16318495719
1470 1.16293568562
1480 1.16314377222
1490 1.16341604765
1500 1.16290791905
1510 1.16359491836
1520 1.16370771185
1530 1.16342130302
1540 1.16333664998
1550 1.16345230679
1560 1.16388644731
1570 1.16318997759
1580 1.16257055273
1590 1.16339880119
